<?xml version="1.0"?>
<opencv_storage>
<distortion type_id="opencv-matrix">
  <rows>1</rows>
  <cols>5</cols>
  <dt>d</dt>
  <data>
    5.3399817356456547e-02 -1.7645725595203049e-01
    -1.6548418872031154e-03 -7.7607507146794808e-04
    5.1086580374604493e-02</data></distortion>
</opencv_storage>
