<?xml version="1.0"?>
<opencv_storage>
<intrinsics type_id="opencv-matrix">
  <rows>3</rows>
  <cols>3</cols>
  <dt>d</dt>
  <data>
    6.4759300645368614e+02 0. 3.2568799215093230e+02 0.
    6.4715380310233695e+02 2.4305218330663450e+02 0. 0. 1.</data></intrinsics>
</opencv_storage>
